0 -0,5 0,28 -0,5 0,84 0 0 -1 0
1 0 0,56 0 0 0,5 0,84 -0,5 0,84
2 0,5 0,28 0,5 0,84 1 0 0 0
3 -0,5 -0,28 -0,5 -0,84 0 0 -1 0
4 0 -0,56 0 0 0,5 -0,84 -0,5 -0,84
5 0,5 -0,28 0,5 -0,84 1 0 0 0
6 -1 0,56 -1 0 -0,5 0,84 -1,5 0,84
7 -1 1,12 -1 1,68 -0,5 0,84 -1,5 0,84
8 -0,5 1,4 -0,5 0,84 0 1,68 -1 1,68
9 0 1,12 0 1,68 0,5 0,84 -0,5 0,84
10 -1 -0,5599999 -1 5,960464E-08 -0,5 -0,8399999 -1,5 -0,8399999
11 -1,5 -0,28 -1,5 -0,84 -1 0 -2 0
12 -1,5 0,28 -1,5 0,84 -1 0 -2 0
13 1 0,56 1 0 1,5 0,84 0,5 0,84
14 0,5 1,4 0,5 0,84 1 1,68 0 1,68
15 1 1,12 1 1,68 1,5 0,84 0,5 0,84
16 1,5 0,28 1,5 0,84 2 0 1 0
17 1,5 -0,28 1,5 -0,84 2 0 1 0
18 1 -0,5599999 1 5,960464E-08 1,5 -0,8399999 0,5 -0,8399999
19 0 -1,12 0 -1,68 0,5 -0,84 -0,5 -0,84
20 1 -1,12 1 -1,68 1,5 -0,84 0,5 -0,84
21 0,5 -1,4 0,5 -0,84 1 -1,68 0 -1,68
22 -0,5 -1,4 -0,5 -0,84 0 -1,68 -1 -1,68
23 -1 -1,12 -1 -1,68 -0,5 -0,84 -1,5 -0,84
24 -1,5 1,4 -1,5 0,84 -1 1,68 -2 1,68
25 -1,5 1,96 -1,5 2,52 -1 1,68 -2 1,68
26 -1 2,24 -1 1,68 -0,5 2,52 -1,5 2,52
27 -0,5 1,96 -0,5 2,52 0 1,68 -1 1,68
28 -2 0,56 -2 0 -1,5 0,84 -2,5 0,84
29 -2 1,12 -2 1,68 -1,5 0,84 -2,5 0,84
30 0 2,24 0 1,68 0,5 2,52 -0,5 2,52
31 0,5 1,96 0,5 2,52 1 1,68 0 1,68
32 -1,5 -1,4 -1,5 -0,8399999 -1 -1,68 -2 -1,68
33 -2 -1,12 -2 -1,68 -1,5 -0,8399999 -2,5 -0,8399999
34 -2 -0,5599999 -2 5,960464E-08 -1,5 -0,8399999 -2,5 -0,8399999
35 -2,5 -0,28 -2,5 -0,84 -2 0 -3 0
36 -2,5 0,28 -2,5 0,84 -2 0 -3 0
37 1,5 1,4 1,5 0,84 2 1,68 1 1,68
38 1 2,24 1 1,68 1,5 2,52 0,5 2,52
39 1,5 1,96 1,5 2,52 2 1,68 1 1,68
40 2 1,12 2 1,68 2,5 0,84 1,5 0,84
41 2 0,56 2 0 2,5 0,84 1,5 0,84
42 2,5 0,28 2,5 0,84 3 0 2 0
43 2,5 -0,28 2,5 -0,84 3 0 2 0
44 2 -0,5599999 2 5,960464E-08 2,5 -0,8399999 1,5 -0,8399999
45 2 -1,12 2 -1,68 2,5 -0,8399999 1,5 -0,8399999
46 1,5 -1,4 1,5 -0,8399999 2 -1,68 1 -1,68
47 0,5 -1,96 0,5 -2,52 1 -1,68 0 -1,68
48 1,5 -1,96 1,5 -2,52 2 -1,68 1 -1,68
49 1 -2,24 1 -1,68 1,5 -2,52 0,5 -2,52
50 0 -2,24 0 -1,68 0,5 -2,52 -0,5 -2,52
51 -0,5 -1,96 -0,5 -2,52 0 -1,68 -1 -1,68
52 -1 -2,24 -1 -1,68 -0,5 -2,52 -1,5 -2,52
53 -1,5 -1,96 -1,5 -2,52 -1 -1,68 -2 -1,68
54 -2 2,24 -2 1,68 -1,5 2,52 -2,5 2,52
55 -2 2,8 -2 3,36 -1,5 2,52 -2,5 2,52
56 -1,5 3,08 -1,5 2,52 -1 3,36 -2 3,36
57 -1 2,8 -1 3,36 -0,5 2,52 -1,5 2,52
58 -2,5 1,4 -2,5 0,8400001 -2 1,68 -3 1,68
59 -2,5 1,96 -2,5 2,52 -2 1,68 -3 1,68
60 -0,5 3,08 -0,5 2,52 0 3,36 -1 3,36
61 0 2,8 0 3,36 0,5 2,52 -0,5 2,52
62 -3 0,56 -3 0 -2,5 0,84 -3,5 0,84
63 -3 1,12 -3 1,68 -2,5 0,84 -3,5 0,84
64 0,5 3,08 0,5 2,52 1 3,36 0 3,36
65 1 2,8 1 3,36 1,5 2,52 0,5 2,52
66 -2 -2,24 -2 -1,68 -1,5 -2,52 -2,5 -2,52
67 -2,5 -1,96 -2,5 -2,52 -2 -1,68 -3 -1,68
68 -2,5 -1,4 -2,5 -0,8399999 -2 -1,68 -3 -1,68
69 -3 -1,12 -3 -1,68 -2,5 -0,8399999 -3,5 -0,8399999
70 -3 -0,5599999 -3 5,960464E-08 -2,5 -0,8399999 -3,5 -0,8399999
71 -3,5 -0,28 -3,5 -0,84 -3 0 -4 0
72 -3,5 0,28 -3,5 0,84 -3 0 -4 0
73 2 2,24 2 1,68 2,5 2,52 1,5 2,52
74 1,5 3,08 1,5 2,52 2 3,36 1 3,36
75 2 2,8 2 3,36 2,5 2,52 1,5 2,52
76 2,5 1,96 2,5 2,52 3 1,68 2 1,68
77 2,5 1,4 2,5 0,8400001 3 1,68 2 1,68
78 3 1,12 3 1,68 3,5 0,84 2,5 0,84
79 3 0,56 3 0 3,5 0,84 2,5 0,84
80 3,5 0,28 3,5 0,84 4 0 3 0
81 3,5 -0,28 3,5 -0,84 4 0 3 0
82 3 -0,5599999 3 5,960464E-08 3,5 -0,8399999 2,5 -0,8399999
83 3 -1,12 3 -1,68 3,5 -0,8399999 2,5 -0,8399999
84 2,5 -1,4 2,5 -0,8399999 3 -1,68 2 -1,68
85 2,5 -1,96 2,5 -2,52 3 -1,68 2 -1,68
86 2 -2,24 2 -1,68 2,5 -2,52 1,5 -2,52
87 1 -2,8 1 -3,36 1,5 -2,52 0,5 -2,52
88 2 -2,8 2 -3,36 2,5 -2,52 1,5 -2,52
89 1,5 -3,08 1,5 -2,52 2 -3,36 1 -3,36
90 0,5 -3,08 0,5 -2,52 1 -3,36 0 -3,36
91 0 -2,8 0 -3,36 0,5 -2,52 -0,5 -2,52
92 -0,5 -3,08 -0,5 -2,52 0 -3,36 -1 -3,36
93 -1 -2,8 -1 -3,36 -0,5 -2,52 -1,5 -2,52
94 -1,5 -3,08 -1,5 -2,52 -1 -3,36 -2 -3,36
95 -2 -2,8 -2 -3,36 -1,5 -2,52 -2,5 -2,52
96 -2,5 3,08 -2,5 2,52 -2 3,36 -3 3,36
97 -2,5 3,64 -2,5 4,2 -2 3,36 -3 3,36
98 -2 3,92 -2 3,36 -1,5 4,2 -2,5 4,2
99 -1,5 3,64 -1,5 4,2 -1 3,36 -2 3,36
100 -3 2,24 -3 1,68 -2,5 2,52 -3,5 2,52
101 -3 2,8 -3 3,36 -2,5 2,52 -3,5 2,52
102 -1 3,92 -1 3,36 -0,5 4,2 -1,5 4,2
103 -0,5 3,64 -0,5 4,2 0 3,36 -1 3,36
104 -3,5 1,4 -3,5 0,8400001 -3 1,68 -4 1,68
105 -3,5 1,96 -3,5 2,52 -3 1,68 -4 1,68
106 0 3,92 0 3,36 0,5 4,2 -0,5 4,2
107 0,5 3,64 0,5 4,2 1 3,36 0 3,36
108 -4 0,56 -4 0 -3,5 0,84 -4,5 0,84
109 -4 1,12 -4 1,68 -3,5 0,84 -4,5 0,84
110 1 3,92 1 3,36 1,5 4,2 0,5 4,2
111 1,5 3,64 1,5 4,2 2 3,36 1 3,36
112 -2,5 -3,08 -2,5 -2,52 -2 -3,36 -3 -3,36
113 -3 -2,8 -3 -3,36 -2,5 -2,52 -3,5 -2,52
114 -3 -2,24 -3 -1,68 -2,5 -2,52 -3,5 -2,52
115 -3,5 -1,96 -3,5 -2,52 -3 -1,68 -4 -1,68
116 -3,5 -1,4 -3,5 -0,8399999 -3 -1,68 -4 -1,68
117 -4 -1,12 -4 -1,68 -3,5 -0,8399999 -4,5 -0,8399999
118 -4 -0,5599999 -4 5,960464E-08 -3,5 -0,8399999 -4,5 -0,8399999
119 -4,5 -0,28 -4,5 -0,84 -4 0 -5 0
120 -4,5 0,28 -4,5 0,84 -4 0 -5 0
121 2,5 3,08 2,5 2,52 3 3,36 2 3,36
122 2 3,92 2 3,36 2,5 4,2 1,5 4,2
123 2,5 3,64 2,5 4,2 3 3,36 2 3,36
124 3 2,8 3 3,36 3,5 2,52 2,5 2,52
125 3 2,24 3 1,68 3,5 2,52 2,5 2,52
126 3,5 1,96 3,5 2,52 4 1,68 3 1,68
127 3,5 1,4 3,5 0,8400001 4 1,68 3 1,68
128 4 1,12 4 1,68 4,5 0,84 3,5 0,84
129 4 0,56 4 0 4,5 0,84 3,5 0,84
130 4,5 0,28 4,5 0,84 5 0 4 0
131 4,5 -0,28 4,5 -0,84 5 0 4 0
132 4 -0,5599999 4 5,960464E-08 4,5 -0,8399999 3,5 -0,8399999
133 4 -1,12 4 -1,68 4,5 -0,8399999 3,5 -0,8399999
134 3,5 -1,4 3,5 -0,8399999 4 -1,68 3 -1,68
135 3,5 -1,96 3,5 -2,52 4 -1,68 3 -1,68
136 3 -2,24 3 -1,68 3,5 -2,52 2,5 -2,52
137 3 -2,8 3 -3,36 3,5 -2,52 2,5 -2,52
138 2,5 -3,08 2,5 -2,52 3 -3,36 2 -3,36
139 1,5 -3,64 1,5 -4,2 2 -3,36 1 -3,36
140 2,5 -3,64 2,5 -4,2 3 -3,36 2 -3,36
141 2 -3,92 2 -3,36 2,5 -4,2 1,5 -4,2
142 1 -3,92 1 -3,36 1,5 -4,2 0,5 -4,2
143 0,5 -3,64 0,5 -4,2 1 -3,36 0 -3,36
144 0 -3,92 0 -3,36 0,5 -4,2 -0,5 -4,2
145 -0,5 -3,64 -0,5 -4,2 0 -3,36 -1 -3,36
146 -1 -3,92 -1 -3,36 -0,5 -4,2 -1,5 -4,2
147 -1,5 -3,64 -1,5 -4,2 -1 -3,36 -2 -3,36
148 -2 -3,92 -2 -3,36 -1,5 -4,2 -2,5 -4,2
149 -2,5 -3,64 -2,5 -4,2 -2 -3,36 -3 -3,36
150 -3 3,92 -3 3,36 -2,5 4,2 -3,5 4,2
151 -3 4,48 -3 5,04 -2,5 4,2 -3,5 4,2
152 -2,5 4,76 -2,5 4,2 -2 5,04 -3 5,04
153 -2 4,48 -2 5,04 -1,5 4,2 -2,5 4,2
154 -3,5 3,08 -3,5 2,52 -3 3,36 -4 3,36
155 -3,5 3,64 -3,5 4,2 -3 3,36 -4 3,36
156 -1,5 4,76 -1,5 4,2 -1 5,04 -2 5,04
157 -1 4,48 -1 5,04 -0,5 4,2 -1,5 4,2
158 -4 2,24 -4 1,68 -3,5 2,52 -4,5 2,52
159 -4 2,8 -4 3,36 -3,5 2,52 -4,5 2,52
160 -0,5 4,76 -0,5 4,2 0 5,04 -1 5,04
161 0 4,48 0 5,04 0,5 4,2 -0,5 4,2
162 -4,5 1,4 -4,5 0,8400001 -4 1,68 -5 1,68
163 -4,5 1,96 -4,5 2,52 -4 1,68 -5 1,68
164 0,5 4,76 0,5 4,2 1 5,04 0 5,04
165 1 4,48 1 5,04 1,5 4,2 0,5 4,2
166 -5 0,56 -5 0 -4,5 0,84 -5,5 0,84
167 -5 1,12 -5 1,68 -4,5 0,84 -5,5 0,84
168 1,5 4,76 1,5 4,2 2 5,04 1 5,04
169 2 4,48 2 5,04 2,5 4,2 1,5 4,2
170 -3 -3,92 -3 -3,36 -2,5 -4,2 -3,5 -4,2
171 -3,5 -3,64 -3,5 -4,2 -3 -3,36 -4 -3,36
172 -3,5 -3,08 -3,5 -2,52 -3 -3,36 -4 -3,36
173 -4 -2,8 -4 -3,36 -3,5 -2,52 -4,5 -2,52
174 -4 -2,24 -4 -1,68 -3,5 -2,52 -4,5 -2,52
175 -4,5 -1,96 -4,5 -2,52 -4 -1,68 -5 -1,68
176 -4,5 -1,4 -4,5 -0,8399999 -4 -1,68 -5 -1,68
177 -5 -1,12 -5 -1,68 -4,5 -0,8399999 -5,5 -0,8399999
178 -5 -0,5599999 -5 5,960464E-08 -4,5 -0,8399999 -5,5 -0,8399999
179 -5,5 -0,28 -5,5 -0,84 -5 0 -6 0
180 -5,5 0,28 -5,5 0,84 -5 0 -6 0
181 3 3,92 3 3,36 3,5 4,2 2,5 4,2
182 2,5 4,76 2,5 4,2 3 5,04 2 5,04
183 3 4,48 3 5,04 3,5 4,2 2,5 4,2
184 3,5 3,64 3,5 4,2 4 3,36 3 3,36
185 3,5 3,08 3,5 2,52 4 3,36 3 3,36
186 4 2,8 4 3,36 4,5 2,52 3,5 2,52
187 4 2,24 4 1,68 4,5 2,52 3,5 2,52
188 4,5 1,96 4,5 2,52 5 1,68 4 1,68
189 4,5 1,4 4,5 0,8400001 5 1,68 4 1,68
190 5 1,12 5 1,68 5,5 0,84 4,5 0,84
191 5 0,56 5 0 5,5 0,84 4,5 0,84
192 5,5 0,28 5,5 0,84 6 0 5 0
193 5,5 -0,28 5,5 -0,84 6 0 5 0
194 5 -0,5599999 5 5,960464E-08 5,5 -0,8399999 4,5 -0,8399999
195 5 -1,12 5 -1,68 5,5 -0,8399999 4,5 -0,8399999
196 4,5 -1,4 4,5 -0,8399999 5 -1,68 4 -1,68
197 4,5 -1,96 4,5 -2,52 5 -1,68 4 -1,68
198 4 -2,24 4 -1,68 4,5 -2,52 3,5 -2,52
199 4 -2,8 4 -3,36 4,5 -2,52 3,5 -2,52
200 3,5 -3,08 3,5 -2,52 4 -3,36 3 -3,36
201 3,5 -3,64 3,5 -4,2 4 -3,36 3 -3,36
202 3 -3,92 3 -3,36 3,5 -4,2 2,5 -4,2
203 2 -4,48 2 -5,04 2,5 -4,2 1,5 -4,2
204 3 -4,48 3 -5,04 3,5 -4,2 2,5 -4,2
205 2,5 -4,76 2,5 -4,2 3 -5,04 2 -5,04
206 1,5 -4,76 1,5 -4,2 2 -5,04 1 -5,04
207 1 -4,48 1 -5,04 1,5 -4,2 0,5 -4,2
208 0,5 -4,76 0,5 -4,2 1 -5,04 0 -5,04
209 0 -4,48 0 -5,04 0,5 -4,2 -0,5 -4,2
210 -0,5 -4,76 -0,5 -4,2 0 -5,04 -1 -5,04
211 -1 -4,48 -1 -5,04 -0,5 -4,2 -1,5 -4,2
212 -1,5 -4,76 -1,5 -4,2 -1 -5,04 -2 -5,04
213 -2 -4,48 -2 -5,04 -1,5 -4,2 -2,5 -4,2
214 -2,5 -4,76 -2,5 -4,2 -2 -5,04 -3 -5,04
215 -3 -4,48 -3 -5,04 -2,5 -4,2 -3,5 -4,2
216 -3,5 4,76 -3,5 4,2 -3 5,04 -4 5,04
217 -3,5 5,32 -3,5 5,88 -3 5,04 -4 5,04
218 -3 5,6 -3 5,04 -2,5 5,88 -3,5 5,88
219 -2,5 5,32 -2,5 5,88 -2 5,04 -3 5,04
220 -4 3,92 -4 3,36 -3,5 4,2 -4,5 4,2
221 -4 4,48 -4 5,04 -3,5 4,2 -4,5 4,2
222 -2 5,6 -2 5,04 -1,5 5,88 -2,5 5,88
223 -1,5 5,32 -1,5 5,88 -1 5,04 -2 5,04
224 -4,5 3,08 -4,5 2,52 -4 3,36 -5 3,36
225 -4,5 3,64 -4,5 4,2 -4 3,36 -5 3,36
226 -1 5,6 -1 5,04 -0,5 5,88 -1,5 5,88
227 -0,5 5,32 -0,5 5,88 0 5,04 -1 5,04
228 -5 2,24 -5 1,68 -4,5 2,52 -5,5 2,52
229 -5 2,8 -5 3,36 -4,5 2,52 -5,5 2,52
230 0 5,6 0 5,04 0,5 5,88 -0,5 5,88
231 0,5 5,32 0,5 5,88 1 5,04 0 5,04
232 -5,5 1,4 -5,5 0,8400001 -5 1,68 -6 1,68
233 -5,5 1,96 -5,5 2,52 -5 1,68 -6 1,68
234 1 5,6 1 5,04 1,5 5,88 0,5 5,88
235 1,5 5,32 1,5 5,88 2 5,04 1 5,04
236 -6 0,56 -6 0 -5,5 0,84 -6,5 0,84
237 -6 1,12 -6 1,68 -5,5 0,84 -6,5 0,84
238 2 5,6 2 5,04 2,5 5,88 1,5 5,88
239 2,5 5,32 2,5 5,88 3 5,04 2 5,04
240 -3,5 -4,76 -3,5 -4,2 -3 -5,04 -4 -5,04
241 -4 -4,48 -4 -5,039999 -3,5 -4,199999 -4,5 -4,199999
242 -4 -3,92 -4 -3,36 -3,5 -4,2 -4,5 -4,2
243 -4,5 -3,64 -4,5 -4,2 -4 -3,36 -5 -3,36
244 -4,5 -3,08 -4,5 -2,52 -4 -3,36 -5 -3,36
245 -5 -2,8 -5 -3,36 -4,5 -2,52 -5,5 -2,52
246 -5 -2,24 -5 -1,68 -4,5 -2,52 -5,5 -2,52
247 -5,5 -1,96 -5,5 -2,52 -5 -1,68 -6 -1,68
248 -5,5 -1,4 -5,5 -0,8399999 -5 -1,68 -6 -1,68
249 -6 -1,12 -6 -1,68 -5,5 -0,8399999 -6,5 -0,8399999
250 -6 -0,5599999 -6 5,960464E-08 -5,5 -0,8399999 -6,5 -0,8399999
251 -6,5 -0,28 -6,5 -0,84 -6 0 -7 0
252 -6,5 0,28 -6,5 0,84 -6 0 -7 0
253 3,5 4,76 3,5 4,2 4 5,04 3 5,04
254 3 5,6 3 5,04 3,5 5,88 2,5 5,88
255 3,5 5,32 3,5 5,88 4 5,04 3 5,04
256 4 4,48 4 5,04 4,5 4,2 3,5 4,2
257 4 3,92 4 3,36 4,5 4,2 3,5 4,2
258 4,5 3,64 4,5 4,2 5 3,36 4 3,36
259 4,5 3,08 4,5 2,52 5 3,36 4 3,36
260 5 2,8 5 3,36 5,5 2,52 4,5 2,52
261 5 2,24 5 1,68 5,5 2,52 4,5 2,52
262 5,5 1,96 5,5 2,52 6 1,68 5 1,68
263 5,5 1,4 5,5 0,8400001 6 1,68 5 1,68
264 6 1,12 6 1,68 6,5 0,84 5,5 0,84
265 6 0,56 6 0 6,5 0,84 5,5 0,84
266 6,5 0,28 6,5 0,84 7 0 6 0
267 6,5 -0,28 6,5 -0,84 7 0 6 0
268 6 -0,5599999 6 5,960464E-08 6,5 -0,8399999 5,5 -0,8399999
269 6 -1,12 6 -1,68 6,5 -0,8399999 5,5 -0,8399999
270 5,5 -1,4 5,5 -0,8399999 6 -1,68 5 -1,68
271 5,5 -1,96 5,5 -2,52 6 -1,68 5 -1,68
272 5 -2,24 5 -1,68 5,5 -2,52 4,5 -2,52
273 5 -2,8 5 -3,36 5,5 -2,52 4,5 -2,52
274 4,5 -3,08 4,5 -2,52 5 -3,36 4 -3,36
275 4,5 -3,64 4,5 -4,2 5 -3,36 4 -3,36
276 4 -3,92 4 -3,36 4,5 -4,2 3,5 -4,2
277 4 -4,48 4 -5,039999 4,5 -4,199999 3,5 -4,199999
278 3,5 -4,76 3,5 -4,2 4 -5,04 3 -5,04
279 2,5 -5,32 2,5 -5,88 3 -5,039999 2 -5,039999
280 3,5 -5,32 3,5 -5,88 4 -5,039999 3 -5,039999
281 3 -5,6 3 -5,04 3,5 -5,88 2,5 -5,88
282 2 -5,6 2 -5,04 2,5 -5,88 1,5 -5,88
283 1,5 -5,32 1,5 -5,88 2 -5,039999 1 -5,039999
284 1 -5,6 1 -5,04 1,5 -5,88 0,5 -5,88
285 0,5 -5,32 0,5 -5,88 1 -5,039999 0 -5,039999
286 0 -5,6 0 -5,04 0,5 -5,88 -0,5 -5,88
287 -0,5 -5,32 -0,5 -5,88 0 -5,039999 -1 -5,039999
288 -1 -5,6 -1 -5,04 -0,5 -5,88 -1,5 -5,88
289 -1,5 -5,32 -1,5 -5,88 -1 -5,039999 -2 -5,039999
290 -2 -5,6 -2 -5,04 -1,5 -5,88 -2,5 -5,88
291 -2,5 -5,32 -2,5 -5,88 -2 -5,039999 -3 -5,039999
292 -3 -5,6 -3 -5,04 -2,5 -5,88 -3,5 -5,88
293 -3,5 -5,32 -3,5 -5,88 -3 -5,039999 -4 -5,039999
294 -4 5,6 -4 5,04 -3,5 5,880001 -4,5 5,880001
295 -4 6,16 -4 6,72 -3,5 5,88 -4,5 5,88
296 -3,5 6,44 -3,5 5,88 -3 6,72 -4 6,72
297 -3 6,16 -3 6,72 -2,5 5,88 -3,5 5,88
298 -4,5 4,76 -4,5 4,2 -4 5,04 -5 5,04
299 -4,5 5,32 -4,5 5,88 -4 5,04 -5 5,04
300 -2,5 6,44 -2,5 5,88 -2 6,72 -3 6,72
301 -2 6,16 -2 6,72 -1,5 5,88 -2,5 5,88
302 -5 3,92 -5 3,36 -4,5 4,2 -5,5 4,2
303 -5 4,48 -5 5,04 -4,5 4,2 -5,5 4,2
304 -1,5 6,44 -1,5 5,88 -1 6,72 -2 6,72
305 -1 6,16 -1 6,72 -0,5 5,88 -1,5 5,88
306 -5,5 3,08 -5,5 2,52 -5 3,36 -6 3,36
307 -5,5 3,64 -5,5 4,2 -5 3,36 -6 3,36
308 -0,5 6,44 -0,5 5,88 0 6,72 -1 6,72
309 0 6,16 0 6,72 0,5 5,88 -0,5 5,88
310 -6 2,24 -6 1,68 -5,5 2,52 -6,5 2,52
311 -6 2,8 -6 3,36 -5,5 2,52 -6,5 2,52
312 0,5 6,44 0,5 5,88 1 6,72 0 6,72
313 1 6,16 1 6,72 1,5 5,88 0,5 5,88
314 -6,5 1,4 -6,5 0,8400001 -6 1,68 -7 1,68
315 -6,5 1,96 -6,5 2,52 -6 1,68 -7 1,68
316 1,5 6,44 1,5 5,88 2 6,72 1 6,72
317 2 6,16 2 6,72 2,5 5,88 1,5 5,88
318 -7 0,56 -7 0 -6,5 0,84 -7,5 0,84
319 -7 1,12 -7 1,68 -6,5 0,84 -7,5 0,84
320 2,5 6,44 2,5 5,88 3 6,72 2 6,72
321 3 6,16 3 6,72 3,5 5,88 2,5 5,88
322 -4 -5,6 -4 -5,04 -3,5 -5,88 -4,5 -5,88
323 -4,5 -5,32 -4,5 -5,88 -4 -5,039999 -5 -5,039999
324 -4,5 -4,76 -4,5 -4,2 -4 -5,04 -5 -5,04
325 -5 -4,48 -5 -5,039999 -4,5 -4,199999 -5,5 -4,199999
326 -5 -3,92 -5 -3,36 -4,5 -4,2 -5,5 -4,2
327 -5,5 -3,64 -5,5 -4,2 -5 -3,36 -6 -3,36
328 -5,5 -3,08 -5,5 -2,52 -5 -3,36 -6 -3,36
329 -6 -2,8 -6 -3,36 -5,5 -2,52 -6,5 -2,52
330 -6 -2,24 -6 -1,68 -5,5 -2,52 -6,5 -2,52
331 -6,5 -1,96 -6,5 -2,52 -6 -1,68 -7 -1,68
332 -6,5 -1,4 -6,5 -0,8399999 -6 -1,68 -7 -1,68
333 -7 -1,12 -7 -1,68 -6,5 -0,8399999 -7,5 -0,8399999
334 -7 -0,5599999 -7 5,960464E-08 -6,5 -0,8399999 -7,5 -0,8399999
335 -7,5 -0,28 -7,5 -0,84 -7 0 -8 0
336 -7,5 0,28 -7,5 0,84 -7 0 -8 0
337 4 5,6 4 5,04 4,5 5,880001 3,5 5,880001
338 3,5 6,44 3,5 5,88 4 6,72 3 6,72
339 4 6,16 4 6,72 4,5 5,88 3,5 5,88
340 4,5 5,32 4,5 5,88 5 5,04 4 5,04
341 4,5 4,76 4,5 4,2 5 5,04 4 5,04
342 5 4,48 5 5,04 5,5 4,2 4,5 4,2
343 5 3,92 5 3,36 5,5 4,2 4,5 4,2
344 5,5 3,64 5,5 4,2 6 3,36 5 3,36
345 5,5 3,08 5,5 2,52 6 3,36 5 3,36
346 6 2,8 6 3,36 6,5 2,52 5,5 2,52
347 6 2,24 6 1,68 6,5 2,52 5,5 2,52
348 6,5 1,96 6,5 2,52 7 1,68 6 1,68
349 6,5 1,4 6,5 0,8400001 7 1,68 6 1,68
350 7 1,12 7 1,68 7,5 0,84 6,5 0,84
351 7 0,56 7 0 7,5 0,84 6,5 0,84
352 7,5 0,28 7,5 0,84 8 0 7 0
353 7,5 -0,28 7,5 -0,84 8 0 7 0
354 7 -0,5599999 7 5,960464E-08 7,5 -0,8399999 6,5 -0,8399999
355 7 -1,12 7 -1,68 7,5 -0,8399999 6,5 -0,8399999
356 6,5 -1,4 6,5 -0,8399999 7 -1,68 6 -1,68
357 6,5 -1,96 6,5 -2,52 7 -1,68 6 -1,68
358 6 -2,24 6 -1,68 6,5 -2,52 5,5 -2,52
359 6 -2,8 6 -3,36 6,5 -2,52 5,5 -2,52
360 5,5 -3,08 5,5 -2,52 6 -3,36 5 -3,36
361 5,5 -3,64 5,5 -4,2 6 -3,36 5 -3,36
362 5 -3,92 5 -3,36 5,5 -4,2 4,5 -4,2
363 5 -4,48 5 -5,039999 5,5 -4,199999 4,5 -4,199999
364 4,5 -4,76 4,5 -4,2 5 -5,04 4 -5,04
365 4,5 -5,32 4,5 -5,88 5 -5,039999 4 -5,039999
366 4 -5,6 4 -5,04 4,5 -5,88 3,5 -5,88
367 3 -6,16 3 -6,72 3,5 -5,88 2,5 -5,88
368 4 -6,16 4 -6,72 4,5 -5,88 3,5 -5,88
369 3,5 -6,44 3,5 -5,88 4 -6,72 3 -6,72
370 2,5 -6,44 2,5 -5,88 3 -6,72 2 -6,72
371 2 -6,16 2 -6,72 2,5 -5,88 1,5 -5,88
372 1,5 -6,44 1,5 -5,88 2 -6,72 1 -6,72
373 1 -6,16 1 -6,72 1,5 -5,88 0,5 -5,88
374 0,5 -6,44 0,5 -5,88 1 -6,72 0 -6,72
375 0 -6,16 0 -6,72 0,5 -5,88 -0,5 -5,88
376 -0,5 -6,44 -0,5 -5,88 0 -6,72 -1 -6,72
377 -1 -6,16 -1 -6,72 -0,5 -5,88 -1,5 -5,88
378 -1,5 -6,44 -1,5 -5,88 -1 -6,72 -2 -6,72
379 -2 -6,16 -2 -6,72 -1,5 -5,88 -2,5 -5,88
380 -2,5 -6,44 -2,5 -5,88 -2 -6,72 -3 -6,72
381 -3 -6,16 -3 -6,72 -2,5 -5,88 -3,5 -5,88
382 -3,5 -6,44 -3,5 -5,88 -3 -6,72 -4 -6,72
383 -4 -6,16 -4 -6,72 -3,5 -5,88 -4,5 -5,88
384 -4,5 6,440001 -4,5 5,880001 -4 6,720001 -5 6,720001
385 -4,5 7 -4,5 7,56 -4 6,72 -5 6,72
386 -4 7,28 -4 6,72 -3,5 7,56 -4,5 7,56
387 -3,5 7 -3,5 7,56 -3 6,72 -4 6,72
388 -5 5,6 -5 5,04 -4,5 5,880001 -5,5 5,880001
389 -5 6,16 -5 6,72 -4,5 5,88 -5,5 5,88
390 -3 7,28 -3 6,72 -2,5 7,56 -3,5 7,56
391 -2,5 7 -2,5 7,56 -2 6,72 -3 6,72
392 -5,5 4,76 -5,5 4,2 -5 5,04 -6 5,04
393 -5,5 5,32 -5,5 5,88 -5 5,04 -6 5,04
394 -2 7,28 -2 6,72 -1,5 7,56 -2,5 7,56
395 -1,5 7 -1,5 7,56 -1 6,72 -2 6,72
396 -6 3,92 -6 3,36 -5,5 4,2 -6,5 4,2
397 -6 4,48 -6 5,04 -5,5 4,2 -6,5 4,2
398 -1 7,28 -1 6,72 -0,5 7,56 -1,5 7,56
399 -0,5 7 -0,5 7,56 0 6,72 -1 6,72
400 -6,5 3,08 -6,5 2,52 -6 3,36 -7 3,36
401 -6,5 3,64 -6,5 4,2 -6 3,36 -7 3,36
402 0 7,28 0 6,72 0,5 7,56 -0,5 7,56
403 0,5 7 0,5 7,56 1 6,72 0 6,72
404 -7 2,24 -7 1,68 -6,5 2,52 -7,5 2,52
405 -7 2,8 -7 3,36 -6,5 2,52 -7,5 2,52
406 1 7,28 1 6,72 1,5 7,56 0,5 7,56
407 1,5 7 1,5 7,56 2 6,72 1 6,72
408 -7,5 1,4 -7,5 0,8400001 -7 1,68 -8 1,68
409 -7,5 1,96 -7,5 2,52 -7 1,68 -8 1,68
410 2 7,28 2 6,72 2,5 7,56 1,5 7,56
411 2,5 7 2,5 7,56 3 6,72 2 6,72
412 -8 0,56 -8 0 -7,5 0,84 -8,5 0,84
413 -8 1,12 -8 1,68 -7,5 0,84 -8,5 0,84
414 3 7,28 3 6,72 3,5 7,56 2,5 7,56
415 3,5 7 3,5 7,56 4 6,72 3 6,72
416 -4,5 -6,44 -4,5 -5,88 -4 -6,72 -5 -6,72
417 -5 -6,16 -5 -6,72 -4,5 -5,88 -5,5 -5,88
418 -5 -5,6 -5 -5,04 -4,5 -5,88 -5,5 -5,88
419 -5,5 -5,32 -5,5 -5,88 -5 -5,039999 -6 -5,039999
420 -5,5 -4,76 -5,5 -4,2 -5 -5,04 -6 -5,04
421 -6 -4,48 -6 -5,039999 -5,5 -4,199999 -6,5 -4,199999
422 -6 -3,92 -6 -3,36 -5,5 -4,2 -6,5 -4,2
423 -6,5 -3,64 -6,5 -4,2 -6 -3,36 -7 -3,36
424 -6,5 -3,08 -6,5 -2,52 -6 -3,36 -7 -3,36
425 -7 -2,8 -7 -3,36 -6,5 -2,52 -7,5 -2,52
426 -7 -2,24 -7 -1,68 -6,5 -2,52 -7,5 -2,52
427 -7,5 -1,96 -7,5 -2,52 -7 -1,68 -8 -1,68
428 -7,5 -1,4 -7,5 -0,8399999 -7 -1,68 -8 -1,68
429 -8 -1,12 -8 -1,68 -7,5 -0,8399999 -8,5 -0,8399999
430 -8 -0,5599999 -8 5,960464E-08 -7,5 -0,8399999 -8,5 -0,8399999
431 -8,5 -0,28 -8,5 -0,84 -8 0 -9 0
432 -8,5 0,28 -8,5 0,84 -8 0 -9 0
433 4,5 6,440001 4,5 5,880001 5 6,720001 4 6,720001
434 4 7,28 4 6,72 4,5 7,56 3,5 7,56
435 4,5 7 4,5 7,56 5 6,72 4 6,72
436 5 6,16 5 6,72 5,5 5,88 4,5 5,88
437 5 5,6 5 5,04 5,5 5,880001 4,5 5,880001
438 5,5 5,32 5,5 5,88 6 5,04 5 5,04
439 5,5 4,76 5,5 4,2 6 5,04 5 5,04
440 6 4,48 6 5,04 6,5 4,2 5,5 4,2
441 6 3,92 6 3,36 6,5 4,2 5,5 4,2
442 6,5 3,64 6,5 4,2 7 3,36 6 3,36
443 6,5 3,08 6,5 2,52 7 3,36 6 3,36
444 7 2,8 7 3,36 7,5 2,52 6,5 2,52
445 7 2,24 7 1,68 7,5 2,52 6,5 2,52
446 7,5 1,96 7,5 2,52 8 1,68 7 1,68
447 7,5 1,4 7,5 0,8400001 8 1,68 7 1,68
448 8 1,12 8 1,68 8,5 0,84 7,5 0,84
449 8 0,56 8 0 8,5 0,84 7,5 0,84
450 8,5 0,28 8,5 0,84 9 0 8 0
451 8,5 -0,28 8,5 -0,84 9 0 8 0
452 8 -0,5599999 8 5,960464E-08 8,5 -0,8399999 7,5 -0,8399999
453 8 -1,12 8 -1,68 8,5 -0,8399999 7,5 -0,8399999
454 7,5 -1,4 7,5 -0,8399999 8 -1,68 7 -1,68
455 7,5 -1,96 7,5 -2,52 8 -1,68 7 -1,68
456 7 -2,24 7 -1,68 7,5 -2,52 6,5 -2,52
457 7 -2,8 7 -3,36 7,5 -2,52 6,5 -2,52
458 6,5 -3,08 6,5 -2,52 7 -3,36 6 -3,36
459 6,5 -3,64 6,5 -4,2 7 -3,36 6 -3,36
460 6 -3,92 6 -3,36 6,5 -4,2 5,5 -4,2
461 6 -4,48 6 -5,039999 6,5 -4,199999 5,5 -4,199999
462 5,5 -4,76 5,5 -4,2 6 -5,04 5 -5,04
463 5,5 -5,32 5,5 -5,88 6 -5,039999 5 -5,039999
464 5 -5,6 5 -5,04 5,5 -5,88 4,5 -5,88
465 5 -6,16 5 -6,72 5,5 -5,88 4,5 -5,88
466 4,5 -6,44 4,5 -5,88 5 -6,72 4 -6,72
467 3,5 -7 3,5 -7,56 4 -6,72 3 -6,72
468 4,5 -7 4,5 -7,56 5 -6,72 4 -6,72
469 4 -7,28 4 -6,72 4,5 -7,56 3,5 -7,56
470 3 -7,28 3 -6,72 3,5 -7,56 2,5 -7,56
471 2,5 -7 2,5 -7,56 3 -6,72 2 -6,72
472 2 -7,28 2 -6,72 2,5 -7,56 1,5 -7,56
473 1,5 -7 1,5 -7,56 2 -6,72 1 -6,72
474 1 -7,28 1 -6,72 1,5 -7,56 0,5 -7,56
475 0,5 -7 0,5 -7,56 1 -6,72 0 -6,72
476 0 -7,28 0 -6,72 0,5 -7,56 -0,5 -7,56
477 -0,5 -7 -0,5 -7,56 0 -6,72 -1 -6,72
478 -1 -7,28 -1 -6,72 -0,5 -7,56 -1,5 -7,56
479 -1,5 -7 -1,5 -7,56 -1 -6,72 -2 -6,72
480 -2 -7,28 -2 -6,72 -1,5 -7,56 -2,5 -7,56
481 -2,5 -7 -2,5 -7,56 -2 -6,72 -3 -6,72
482 -3 -7,28 -3 -6,72 -2,5 -7,56 -3,5 -7,56
483 -3,5 -7 -3,5 -7,56 -3 -6,72 -4 -6,72
484 -4 -7,28 -4 -6,72 -3,5 -7,56 -4,5 -7,56
485 -4,5 -7 -4,5 -7,56 -4 -6,72 -5 -6,72
486 -5 7,280001 -5 6,720001 -4,5 7,560001 -5,5 7,560001
487 -5 7,840001 -5 8,400001 -4,5 7,56 -5,5 7,56
488 -4,5 8,120001 -4,5 7,560001 -4 8,400001 -5 8,400001
489 -4 7,840001 -4 8,400001 -3,5 7,56 -4,5 7,56
490 -5,5 6,440001 -5,5 5,880001 -5 6,720001 -6 6,720001
491 -5,5 7 -5,5 7,56 -5 6,72 -6 6,72
492 -3,5 8,120001 -3,5 7,560001 -3 8,400001 -4 8,400001
493 -3 7,840001 -3 8,400001 -2,5 7,56 -3,5 7,56
494 -6 5,6 -6 5,04 -5,5 5,880001 -6,5 5,880001
495 -6 6,16 -6 6,72 -5,5 5,88 -6,5 5,88
496 -2,5 8,120001 -2,5 7,560001 -2 8,400001 -3 8,400001
497 -2 7,840001 -2 8,400001 -1,5 7,56 -2,5 7,56
498 -6,5 4,76 -6,5 4,2 -6 5,04 -7 5,04
499 -6,5 5,32 -6,5 5,88 -6 5,04 -7 5,04
500 -1,5 8,120001 -1,5 7,560001 -1 8,400001 -2 8,400001
501 -1 7,840001 -1 8,400001 -0,5 7,56 -1,5 7,56
502 -7 3,92 -7 3,36 -6,5 4,2 -7,5 4,2
503 -7 4,48 -7 5,04 -6,5 4,2 -7,5 4,2
504 -0,5 8,120001 -0,5 7,560001 0 8,400001 -1 8,400001
505 0 7,840001 0 8,400001 0,5 7,56 -0,5 7,56
506 -7,5 3,08 -7,5 2,52 -7 3,36 -8 3,36
507 -7,5 3,64 -7,5 4,2 -7 3,36 -8 3,36
508 0,5 8,120001 0,5 7,560001 1 8,400001 0 8,400001
509 1 7,840001 1 8,400001 1,5 7,56 0,5 7,56
510 -8 2,24 -8 1,68 -7,5 2,52 -8,5 2,52
511 -8 2,8 -8 3,36 -7,5 2,52 -8,5 2,52
512 1,5 8,120001 1,5 7,560001 2 8,400001 1 8,400001
513 2 7,840001 2 8,400001 2,5 7,56 1,5 7,56
514 -8,5 1,4 -8,5 0,8400001 -8 1,68 -9 1,68
515 -8,5 1,96 -8,5 2,52 -8 1,68 -9 1,68
516 2,5 8,120001 2,5 7,560001 3 8,400001 2 8,400001
517 3 7,840001 3 8,400001 3,5 7,56 2,5 7,56
518 -9 0,56 -9 0 -8,5 0,84 -9,5 0,84
519 -9 1,12 -9 1,68 -8,5 0,84 -9,5 0,84
520 3,5 8,120001 3,5 7,560001 4 8,400001 3 8,400001
521 4 7,840001 4 8,400001 4,5 7,56 3,5 7,56
522 -5 -7,28 -5 -6,72 -4,5 -7,56 -5,5 -7,56
523 -5,5 -7 -5,5 -7,56 -5 -6,72 -6 -6,72
524 -5,5 -6,44 -5,5 -5,88 -5 -6,72 -6 -6,72
525 -6 -6,16 -6 -6,72 -5,5 -5,88 -6,5 -5,88
526 -6 -5,6 -6 -5,04 -5,5 -5,88 -6,5 -5,88
527 -6,5 -5,32 -6,5 -5,88 -6 -5,039999 -7 -5,039999
528 -6,5 -4,76 -6,5 -4,2 -6 -5,04 -7 -5,04
529 -7 -4,48 -7 -5,039999 -6,5 -4,199999 -7,5 -4,199999
530 -7 -3,92 -7 -3,36 -6,5 -4,2 -7,5 -4,2
531 -7,5 -3,64 -7,5 -4,2 -7 -3,36 -8 -3,36
532 -7,5 -3,08 -7,5 -2,52 -7 -3,36 -8 -3,36
533 -8 -2,8 -8 -3,36 -7,5 -2,52 -8,5 -2,52
534 -8 -2,24 -8 -1,68 -7,5 -2,52 -8,5 -2,52
535 -8,5 -1,96 -8,5 -2,52 -8 -1,68 -9 -1,68
536 -8,5 -1,4 -8,5 -0,8399999 -8 -1,68 -9 -1,68
537 -9 -1,12 -9 -1,68 -8,5 -0,8399999 -9,5 -0,8399999
538 -9 -0,5599999 -9 5,960464E-08 -8,5 -0,8399999 -9,5 -0,8399999
539 -9,5 -0,28 -9,5 -0,84 -9 0 -10 0
540 -9,5 0,28 -9,5 0,84 -9 0 -10 0
541 5 7,280001 5 6,720001 5,5 7,560001 4,5 7,560001
542 4,5 8,120001 4,5 7,560001 5 8,400001 4 8,400001
543 5 7,840001 5 8,400001 5,5 7,56 4,5 7,56
544 5,5 7 5,5 7,56 6 6,72 5 6,72
545 5,5 6,440001 5,5 5,880001 6 6,720001 5 6,720001
546 6 6,16 6 6,72 6,5 5,88 5,5 5,88
547 6 5,6 6 5,04 6,5 5,880001 5,5 5,880001
548 6,5 5,32 6,5 5,88 7 5,04 6 5,04
549 6,5 4,76 6,5 4,2 7 5,04 6 5,04
550 7 4,48 7 5,04 7,5 4,2 6,5 4,2
551 7 3,92 7 3,36 7,5 4,2 6,5 4,2
552 7,5 3,64 7,5 4,2 8 3,36 7 3,36
553 7,5 3,08 7,5 2,52 8 3,36 7 3,36
554 8 2,8 8 3,36 8,5 2,52 7,5 2,52
555 8 2,24 8 1,68 8,5 2,52 7,5 2,52
556 8,5 1,96 8,5 2,52 9 1,68 8 1,68
557 8,5 1,4 8,5 0,8400001 9 1,68 8 1,68
558 9 1,12 9 1,68 9,5 0,84 8,5 0,84
559 9 0,56 9 0 9,5 0,84 8,5 0,84
560 9,5 0,28 9,5 0,84 10 0 9 0
561 9,5 -0,28 9,5 -0,84 10 0 9 0
562 9 -0,5599999 9 5,960464E-08 9,5 -0,8399999 8,5 -0,8399999
563 9 -1,12 9 -1,68 9,5 -0,8399999 8,5 -0,8399999
564 8,5 -1,4 8,5 -0,8399999 9 -1,68 8 -1,68
565 8,5 -1,96 8,5 -2,52 9 -1,68 8 -1,68
566 8 -2,24 8 -1,68 8,5 -2,52 7,5 -2,52
567 8 -2,8 8 -3,36 8,5 -2,52 7,5 -2,52
568 7,5 -3,08 7,5 -2,52 8 -3,36 7 -3,36
569 7,5 -3,64 7,5 -4,2 8 -3,36 7 -3,36
570 7 -3,92 7 -3,36 7,5 -4,2 6,5 -4,2
571 7 -4,48 7 -5,039999 7,5 -4,199999 6,5 -4,199999
572 6,5 -4,76 6,5 -4,2 7 -5,04 6 -5,04
573 6,5 -5,32 6,5 -5,88 7 -5,039999 6 -5,039999
574 6 -5,6 6 -5,04 6,5 -5,88 5,5 -5,88
575 6 -6,16 6 -6,72 6,5 -5,88 5,5 -5,88
576 5,5 -6,44 5,5 -5,88 6 -6,72 5 -6,72
577 5,5 -7 5,5 -7,56 6 -6,72 5 -6,72
578 5 -7,28 5 -6,72 5,5 -7,56 4,5 -7,56
579 4 -7,84 4 -8,400001 4,5 -7,56 3,5 -7,56
580 5 -7,84 5 -8,400001 5,5 -7,56 4,5 -7,56
581 4,5 -8,12 4,5 -7,56 5 -8,4 4 -8,4
582 3,5 -8,12 3,5 -7,56 4 -8,4 3 -8,4
583 3 -7,84 3 -8,400001 3,5 -7,56 2,5 -7,56
584 2,5 -8,12 2,5 -7,56 3 -8,4 2 -8,4
585 2 -7,84 2 -8,400001 2,5 -7,56 1,5 -7,56
586 1,5 -8,12 1,5 -7,56 2 -8,4 1 -8,4
587 1 -7,84 1 -8,400001 1,5 -7,56 0,5 -7,56
588 0,5 -8,12 0,5 -7,56 1 -8,4 0 -8,4
589 0 -7,84 0 -8,400001 0,5 -7,56 -0,5 -7,56
590 -0,5 -8,12 -0,5 -7,56 0 -8,4 -1 -8,4
591 -1 -7,84 -1 -8,400001 -0,5 -7,56 -1,5 -7,56
592 -1,5 -8,12 -1,5 -7,56 -1 -8,4 -2 -8,4
593 -2 -7,84 -2 -8,400001 -1,5 -7,56 -2,5 -7,56
594 -2,5 -8,12 -2,5 -7,56 -2 -8,4 -3 -8,4
595 -3 -7,84 -3 -8,400001 -2,5 -7,56 -3,5 -7,56
596 -3,5 -8,12 -3,5 -7,56 -3 -8,4 -4 -8,4
597 -4 -7,84 -4 -8,400001 -3,5 -7,56 -4,5 -7,56
598 -4,5 -8,12 -4,5 -7,56 -4 -8,4 -5 -8,4
599 -5 -7,84 -5 -8,400001 -4,5 -7,56 -5,5 -7,56
600 -5,5 8,120001 -5,5 7,560001 -5 8,400001 -6 8,400001
601 -5,5 8,68 -5,5 9,240001 -5 8,400001 -6 8,400001
602 -5 8,960001 -5 8,400001 -4,5 9,240001 -5,5 9,240001
603 -4,5 8,68 -4,5 9,240001 -4 8,400001 -5 8,400001
604 -6 7,280001 -6 6,720001 -5,5 7,560001 -6,5 7,560001
605 -6 7,840001 -6 8,400001 -5,5 7,56 -6,5 7,56
606 -4 8,960001 -4 8,400001 -3,5 9,240001 -4,5 9,240001
607 -3,5 8,68 -3,5 9,240001 -3 8,400001 -4 8,400001
608 -6,5 6,440001 -6,5 5,880001 -6 6,720001 -7 6,720001
609 -6,5 7 -6,5 7,56 -6 6,72 -7 6,72
610 -3 8,960001 -3 8,400001 -2,5 9,240001 -3,5 9,240001
611 -2,5 8,68 -2,5 9,240001 -2 8,400001 -3 8,400001
612 -7 5,6 -7 5,04 -6,5 5,880001 -7,5 5,880001
613 -7 6,16 -7 6,72 -6,5 5,88 -7,5 5,88
614 -2 8,960001 -2 8,400001 -1,5 9,240001 -2,5 9,240001
615 -1,5 8,68 -1,5 9,240001 -1 8,400001 -2 8,400001
616 -7,5 4,76 -7,5 4,2 -7 5,04 -8 5,04
617 -7,5 5,32 -7,5 5,88 -7 5,04 -8 5,04
618 -1 8,960001 -1 8,400001 -0,5 9,240001 -1,5 9,240001
619 -0,5 8,68 -0,5 9,240001 0 8,400001 -1 8,400001
620 -8 3,92 -8 3,36 -7,5 4,2 -8,5 4,2
621 -8 4,48 -8 5,04 -7,5 4,2 -8,5 4,2
622 0 8,960001 0 8,400001 0,5 9,240001 -0,5 9,240001
623 0,5 8,68 0,5 9,240001 1 8,400001 0 8,400001
624 -8,5 3,08 -8,5 2,52 -8 3,36 -9 3,36
625 -8,5 3,64 -8,5 4,2 -8 3,36 -9 3,36
626 1 8,960001 1 8,400001 1,5 9,240001 0,5 9,240001
627 1,5 8,68 1,5 9,240001 2 8,400001 1 8,400001
628 -9 2,24 -9 1,68 -8,5 2,52 -9,5 2,52
629 -9 2,8 -9 3,36 -8,5 2,52 -9,5 2,52
630 2 8,960001 2 8,400001 2,5 9,240001 1,5 9,240001
631 2,5 8,68 2,5 9,240001 3 8,400001 2 8,400001
632 -9,5 1,4 -9,5 0,8400001 -9 1,68 -10 1,68
633 -9,5 1,96 -9,5 2,52 -9 1,68 -10 1,68
634 3 8,960001 3 8,400001 3,5 9,240001 2,5 9,240001
635 3,5 8,68 3,5 9,240001 4 8,400001 3 8,400001
636 -10 0,56 -10 0 -9,5 0,84 -10,5 0,84
637 -10 1,12 -10 1,68 -9,5 0,84 -10,5 0,84
638 4 8,960001 4 8,400001 4,5 9,240001 3,5 9,240001
639 4,5 8,68 4,5 9,240001 5 8,400001 4 8,400001
640 -5,5 -8,12 -5,5 -7,56 -5 -8,4 -6 -8,4
641 -6 -7,84 -6 -8,400001 -5,5 -7,56 -6,5 -7,56
642 -6 -7,28 -6 -6,72 -5,5 -7,56 -6,5 -7,56
643 -6,5 -7 -6,5 -7,56 -6 -6,72 -7 -6,72
644 -6,5 -6,44 -6,5 -5,88 -6 -6,72 -7 -6,72
645 -7 -6,16 -7 -6,72 -6,5 -5,88 -7,5 -5,88
646 -7 -5,6 -7 -5,04 -6,5 -5,88 -7,5 -5,88
647 -7,5 -5,32 -7,5 -5,88 -7 -5,039999 -8 -5,039999
648 -7,5 -4,76 -7,5 -4,2 -7 -5,04 -8 -5,04
649 -8 -4,48 -8 -5,039999 -7,5 -4,199999 -8,5 -4,199999
650 -8 -3,92 -8 -3,36 -7,5 -4,2 -8,5 -4,2
651 -8,5 -3,64 -8,5 -4,2 -8 -3,36 -9 -3,36
652 -8,5 -3,08 -8,5 -2,52 -8 -3,36 -9 -3,36
653 -9 -2,8 -9 -3,36 -8,5 -2,52 -9,5 -2,52
654 -9 -2,24 -9 -1,68 -8,5 -2,52 -9,5 -2,52
655 -9,5 -1,96 -9,5 -2,52 -9 -1,68 -10 -1,68
656 -9,5 -1,4 -9,5 -0,8399999 -9 -1,68 -10 -1,68
657 -10 -1,12 -10 -1,68 -9,5 -0,8399999 -10,5 -0,8399999
658 -10 -0,5599999 -10 5,960464E-08 -9,5 -0,8399999 -10,5 -0,8399999
659 -10,5 -0,28 -10,5 -0,84 -10 0 -11 0
660 -10,5 0,28 -10,5 0,84 -10 0 -11 0
661 5,5 8,120001 5,5 7,560001 6 8,400001 5 8,400001
662 5 8,960001 5 8,400001 5,5 9,240001 4,5 9,240001
663 5,5 8,68 5,5 9,240001 6 8,400001 5 8,400001
664 6 7,840001 6 8,400001 6,5 7,56 5,5 7,56
665 6 7,280001 6 6,720001 6,5 7,560001 5,5 7,560001
666 6,5 7 6,5 7,56 7 6,72 6 6,72
667 6,5 6,440001 6,5 5,880001 7 6,720001 6 6,720001
668 7 6,16 7 6,72 7,5 5,88 6,5 5,88
669 7 5,6 7 5,04 7,5 5,880001 6,5 5,880001
670 7,5 5,32 7,5 5,88 8 5,04 7 5,04
671 7,5 4,76 7,5 4,2 8 5,04 7 5,04
672 8 4,48 8 5,04 8,5 4,2 7,5 4,2
673 8 3,92 8 3,36 8,5 4,2 7,5 4,2
674 8,5 3,64 8,5 4,2 9 3,36 8 3,36
675 8,5 3,08 8,5 2,52 9 3,36 8 3,36
676 9 2,8 9 3,36 9,5 2,52 8,5 2,52
677 9 2,24 9 1,68 9,5 2,52 8,5 2,52
678 9,5 1,96 9,5 2,52 10 1,68 9 1,68
679 9,5 1,4 9,5 0,8400001 10 1,68 9 1,68
680 10 1,12 10 1,68 10,5 0,84 9,5 0,84
681 10 0,56 10 0 10,5 0,84 9,5 0,84
682 10,5 0,28 10,5 0,84 11 0 10 0
683 10,5 -0,28 10,5 -0,84 11 0 10 0
684 10 -0,5599999 10 5,960464E-08 10,5 -0,8399999 9,5 -0,8399999
685 10 -1,12 10 -1,68 10,5 -0,8399999 9,5 -0,8399999
686 9,5 -1,4 9,5 -0,8399999 10 -1,68 9 -1,68
687 9,5 -1,96 9,5 -2,52 10 -1,68 9 -1,68
688 9 -2,24 9 -1,68 9,5 -2,52 8,5 -2,52
689 9 -2,8 9 -3,36 9,5 -2,52 8,5 -2,52
690 8,5 -3,08 8,5 -2,52 9 -3,36 8 -3,36
691 8,5 -3,64 8,5 -4,2 9 -3,36 8 -3,36
692 8 -3,92 8 -3,36 8,5 -4,2 7,5 -4,2
693 8 -4,48 8 -5,039999 8,5 -4,199999 7,5 -4,199999
694 7,5 -4,76 7,5 -4,2 8 -5,04 7 -5,04
695 7,5 -5,32 7,5 -5,88 8 -5,039999 7 -5,039999
696 7 -5,6 7 -5,04 7,5 -5,88 6,5 -5,88
697 7 -6,16 7 -6,72 7,5 -5,88 6,5 -5,88
698 6,5 -6,44 6,5 -5,88 7 -6,72 6 -6,72
699 6,5 -7 6,5 -7,56 7 -6,72 6 -6,72
700 6 -7,28 6 -6,72 6,5 -7,56 5,5 -7,56
701 6 -7,84 6 -8,400001 6,5 -7,56 5,5 -7,56
702 5,5 -8,12 5,5 -7,56 6 -8,4 5 -8,4
703 4,5 -8,68 4,5 -9,240001 5 -8,400001 4 -8,400001
704 5,5 -8,68 5,5 -9,240001 6 -8,400001 5 -8,400001
705 5 -8,96 5 -8,4 5,5 -9,24 4,5 -9,24
706 4 -8,96 4 -8,4 4,5 -9,24 3,5 -9,24
707 3,5 -8,68 3,5 -9,240001 4 -8,400001 3 -8,400001
708 3 -8,96 3 -8,4 3,5 -9,24 2,5 -9,24
709 2,5 -8,68 2,5 -9,240001 3 -8,400001 2 -8,400001
710 2 -8,96 2 -8,4 2,5 -9,24 1,5 -9,24
711 1,5 -8,68 1,5 -9,240001 2 -8,400001 1 -8,400001
712 1 -8,96 1 -8,4 1,5 -9,24 0,5 -9,24
713 0,5 -8,68 0,5 -9,240001 1 -8,400001 0 -8,400001
714 0 -8,96 0 -8,4 0,5 -9,24 -0,5 -9,24
715 -0,5 -8,68 -0,5 -9,240001 0 -8,400001 -1 -8,400001
716 -1 -8,96 -1 -8,4 -0,5 -9,24 -1,5 -9,24
717 -1,5 -8,68 -1,5 -9,240001 -1 -8,400001 -2 -8,400001
718 -2 -8,96 -2 -8,4 -1,5 -9,24 -2,5 -9,24
719 -2,5 -8,68 -2,5 -9,240001 -2 -8,400001 -3 -8,400001
720 -3 -8,96 -3 -8,4 -2,5 -9,24 -3,5 -9,24
721 -3,5 -8,68 -3,5 -9,240001 -3 -8,400001 -4 -8,400001
722 -4 -8,96 -4 -8,4 -3,5 -9,24 -4,5 -9,24
723 -4,5 -8,68 -4,5 -9,240001 -4 -8,400001 -5 -8,400001
724 -5 -8,96 -5 -8,4 -4,5 -9,24 -5,5 -9,24
725 -5,5 -8,68 -5,5 -9,240001 -5 -8,400001 -6 -8,400001
